Multiple size <= 100
TEST 1 ARG:57 50 68 51 94 3 4 43 44 60 38 47 70 76 85 82 73 13 66 55 91 81 88 74 67 6 75 9 52 37 32 27 12 16 31 71 92 35 8 39 97 80 10 22 1 45 26 95 49 33 5 23 11 56 24 98 69 61 40 20 79 89 15 21 83 84 58 87 18 28 72 0 17 19 96 64 90 65 93 42 41 62 34 7 36 77 30 53 78 29 2 59 99 46 63 25 48 14 54 86 
TEST 2 ARG:90 38 46 55 49 27 71 82 48 77 59 29 26 23 72 91 85 22 54 13 76 4 37 15 67 42 3 75 33 6 28 32 83 2 78 73 79 65 20 84 57 0 64 9 70 11 25 86 68 66 60 80 21 58 19 51 88 62 98 39 47 63 44 8 24 40 7 5 96 69 16 34 94 10 35 93 31 52 45 30 18 97 14 50 56 41 17 61 95 43 87 92 74 12 53 36 1 99 89 81 
TEST 3 ARG:98 45 29 39 31 82 89 99 66 88 87 85 68 76 9 81 65 77 72 46 47 33 51 25 19 1 42 40 7 70 52 64 90 93 84 10 91 97 8 5 23 12 15 24 69 62 49 75 73 22 4 17 53 86 80 79 11 71 28 58 32 27 57 56 34 60 74 6 2 30 38 21 94 96 92 44 14 48 78 3 43 16 26 59 37 36 67 50 0 83 63 18 95 41 13 54 55 20 35 61 
TEST 4 ARG:97 23 32 79 34 45 61 95 12 41 36 60 0 28 38 99 6 37 55 16 39 59 71 69 91 85 42 68 17 13 93 18 3 90 54 30 76 96 26 74 1 19 72 48 7 75 70 80 31 66 84 8 81 86 50 63 2 10 46 77 53 29 35 15 25 82 62 57 11 27 51 40 98 64 33 22 89 87 56 43 65 47 83 78 9 14 94 58 67 52 5 92 88 49 24 20 4 73 44 21 
TEST 5 ARG:33 45 19 68 73 7 97 59 89 34 22 53 50 12 57 86 37 8 25 11 9 74 39 10 99 58 15 51 56 93 2 42 48 70 55 30 80 60 77 29 17 3 78 47 92 84 20 32 72 79 63 62 67 38 83 0 94 1 49 75 91 82 36 76 65 96 64 87 43 6 95 71 81 31 18 66 27 13 5 4 21 14 28 24 26 61 54 41 88 46 69 23 44 98 90 16 35 52 85 40 
TEST 6 ARG:21 27 82 18 15 74 9 69 96 30 41 7 78 16 36 1 53 2 0 19 73 29 84 75 65 95 6 91 44 52 42 98 37 64 97 71 38 48 23 89 55 4 56 24 51 79 93 17 76 83 87 67 47 40 61 70 49 14 13 86 88 43 85 66 60 22 77 28 39 80 94 46 25 72 59 11 54 99 26 33 34 35 45 10 5 32 81 20 63 90 62 68 92 12 57 58 50 31 8 3 
TEST 7 ARG:56 80 63 90 70 44 34 21 86 98 51 3 79 8 84 22 2 49 38 15 83 66 87 69 53 91 76 78 48 4 28 71 0 7 43 81 61 93 95 55 50 12 16 11 26 17 59 37 68 92 64 5 18 23 75 74 1 97 41 77 65 36 60 89 33 42 25 58 99 24 30 45 35 85 10 39 88 32 73 27 29 6 14 40 82 57 19 62 52 31 67 47 54 94 20 46 9 72 13 96 
TEST 8 ARG:53 76 19 83 27 9 7 57 29 58 48 40 37 42 26 24 20 38 11 4 43 8 66 79 84 12 32 67 41 91 80 46 31 51 1 18 47 65 15 82 30 61 87 64 88 99 16 45 6 69 85 49 34 97 52 93 94 72 36 62 75 50 92 71 74 14 28 23 89 2 13 68 0 59 39 60 44 63 96 3 35 22 78 21 56 90 5 25 77 95 54 86 70 33 17 55 10 81 73 98 
TEST 9 ARG:17 49 44 92 83 18 73 5 81 37 35 32 40 90 78 77 48 16 89 84 95 51 86 75 27 79 67 69 12 46 45 31 25 21 28 2 4 39 71 99 1 41 15 87 98 11 66 52 20 60 42 93 22 30 38 0 88 9 36 23 50 54 14 94 68 10 61 80 58 24 19 97 59 76 82 7 57 85 62 70 34 72 6 3 56 55 64 53 74 13 65 96 63 29 91 47 26 43 8 33 
TEST 10 ARG:65 37 15 9 8 23 21 97 89 93 59 62 34 5 13 7 24 79 91 80 30 22 20 38 83 82 72 2 0 41 98 87 99 85 84 56 52 42 60 70 11 61 94 28 48 53 12 57 46 4 77 69 63 47 88 25 92 73 17 75 3 86 1 74 51 81 76 18 55 54 33 45 6 10 68 66 31 43 16 36 96 27 26 67 95 71 29 50 35 39 19 64 14 78 44 32 90 40 58 49 
TEST 11 ARG:0 35 42 1 67 92 52 94 16 91 9 93 59 44 36 20 63 57 11 95 3 60 33 73 98 61 71 80 72 23 86 56 90 58 17 4 15 10 85 51 84 27 43 97 34 66 46 24 87 48 41 39 28 7 78 8 21 99 54 22 88 14 74 76 96 2 69 89 50 6 18 83 37 31 40 38 5 82 70 68 75 45 55 62 19 12 13 49 65 29 25 32 30 81 47 64 53 79 77 26 
TEST 12 ARG:44 98 37 15 99 57 8 71 11 64 94 41 79 70 61 63 4 87 16 13 56 66 12 91 65 31 33 14 82 47 45 48 67 58 92 46 42 38 3 77 24 32 72 22 90 28 60 83 6 53 76 34 75 80 96 88 18 5 2 30 49 39 97 89 36 0 74 23 95 73 69 17 52 40 85 93 86 50 10 84 29 27 78 55 7 9 62 68 54 81 19 51 43 20 26 21 35 59 1 25 
TEST 13 ARG:80 31 74 93 5 8 2 27 34 23 97 79 10 29 92 42 60 52 19 53 64 62 37 86 25 63 32 94 77 68 21 13 47 58 54 87 35 4 15 76 71 73 90 22 9 24 67 78 98 44 33 70 56 66 36 14 1 88 85 26 55 69 59 65 43 49 18 72 84 41 91 75 45 61 99 95 39 83 17 12 0 89 50 7 57 96 46 82 30 40 6 48 3 81 28 20 38 51 16 11 
TEST 14 ARG:84 8 17 39 46 14 67 90 52 71 12 56 83 72 82 21 0 61 23 54 2 19 36 80 77 97 16 75 27 33 59 6 81 51 9 55 7 31 40 30 78 28 53 11 13 49 86 92 99 68 47 45 5 41 48 74 62 98 63 58 89 66 44 1 15 22 4 88 18 69 43 3 24 96 57 60 85 70 93 10 37 76 34 79 64 91 29 95 26 50 20 35 73 65 42 87 38 94 32 25 
TEST 15 ARG:13 40 70 2 22 20 15 8 19 14 68 91 47 79 63 56 3 53 23 4 32 36 54 65 33 93 51 97 80 37 96 18 74 85 87 29 94 99 28 46 72 84 52 92 34 11 60 88 90 98 39 61 5 67 38 31 43 62 17 49 30 26 7 76 6 83 25 27 50 59 55 78 81 21 10 9 57 1 64 66 77 35 86 42 12 71 0 75 16 82 45 44 58 24 69 89 73 41 48 95 
TEST 16 ARG:26 50 23 34 93 97 91 38 95 21 30 41 94 80 6 61 90 12 98 56 18 65 63 32 73 47 78 14 27 77 15 99 39 31 71 51 76 52 35 75 28 24 16 13 4 46 7 62 83 0 59 20 48 58 60 57 84 10 5 96 3 11 79 33 42 66 40 1 19 55 45 17 9 70 67 74 68 92 54 25 72 49 53 22 81 64 37 44 82 87 29 89 43 36 88 69 85 2 8 86 
TEST 17 ARG:60 92 81 53 33 40 71 61 43 20 86 63 27 68 16 90 69 1 91 0 80 35 73 49 99 74 32 12 14 89 95 88 31 67 18 29 87 85 8 15 3 45 37 58 30 50 75 47 62 6 97 82 23 83 46 51 21 34 25 4 2 76 36 94 10 22 24 9 26 66 77 7 56 59 11 55 70 52 28 5 84 93 57 39 19 17 54 44 42 65 98 13 64 72 96 48 79 38 78 41 
TEST 18 ARG:85 88 56 40 67 45 77 76 32 43 8 73 51 64 22 33 74 59 90 10 26 21 58 87 72 54 44 31 12 89 23 49 80 11 39 61 63 66 81 94 42 27 52 0 18 96 3 91 38 71 14 34 20 53 86 36 28 7 79 37 47 92 1 78 46 82 4 17 25 6 29 62 13 16 98 68 9 15 95 5 48 83 84 24 35 41 30 70 55 50 60 19 99 93 97 2 75 57 69 65 
TEST 19 ARG:79 48 53 82 10 2 15 98 62 52 58 84 28 89 39 91 99 34 85 23 19 0 76 55 16 90 13 12 46 70 29 22 56 31 30 4 54 41 42 49 87 61 92 18 24 25 3 6 38 44 36 35 60 83 9 73 33 63 95 59 94 51 86 71 78 96 37 14 69 26 17 40 77 57 50 67 81 8 7 27 74 43 21 32 66 68 75 5 88 65 11 20 1 80 97 47 72 93 64 45 
TEST 20 ARG:92 32 98 45 7 27 67 84 9 82 21 24 58 97 57 0 46 59 14 56 81 76 4 50 63 16 78 43 3 26 54 75 15 47 41 79 94 6 85 10 71 17 89 5 86 20 66 44 40 36 19 93 62 55 96 88 39 95 42 12 51 22 25 23 91 53 73 49 11 29 74 38 83 65 80 37 28 8 99 69 60 90 52 61 35 77 31 70 64 34 13 30 87 68 18 1 2 33 48 72 
TEST 21 ARG:0 39 65 78 16 53 89 42 41 33 56 70 40 72 38 55 99 7 4 24 2 48 67 76 37 51 64 58 88 31 73 25 17 21 83 13 79 94 54 26 97 30 84 66 34 95 62 36 27 18 71 63 35 10 46 12 29 32 49 82 90 93 91 47 3 28 50 1 9 68 44 45 8 23 59 11 52 77 86 85 20 69 98 87 14 6 61 43 74 22 57 96 92 15 19 75 60 81 5 80 
TEST 22 ARG:7 50 79 19 22 15 53 76 35 39 96 37 67 86 33 32 28 3 5 89 26 30 91 64 42 99 84 70 88 2 46 83 93 47 27 41 77 63 98 13 25 24 60 85 18 78 55 80 68 31 48 49 1 92 4 8 36 59 9 14 0 44 45 90 65 97 21 57 94 11 40 56 72 52 58 29 62 10 51 38 34 73 71 81 82 12 6 69 61 20 87 43 95 16 74 17 54 23 66 75 
TEST 23 ARG:28 18 27 44 94 77 80 90 73 4 7 31 19 89 21 5 76 11 59 83 38 85 29 39 86 9 95 14 33 93 55 47 60 71 92 64 74 42 30 98 0 51 50 54 69 81 22 99 68 15 91 13 43 53 37 46 52 56 66 87 24 40 79 25 72 67 88 57 36 48 45 20 84 58 49 70 62 35 82 16 6 75 23 97 2 26 32 17 34 65 63 1 10 61 96 3 12 41 8 78 
TEST 24 ARG:26 17 79 61 82 74 54 69 28 62 5 39 21 24 41 32 95 94 90 12 2 6 44 85 56 4 3 47 37 71 92 73 7 25 77 68 19 67 84 89 63 49 59 34 45 86 96 11 81 50 93 13 15 9 1 78 98 57 52 29 33 76 65 14 8 40 83 31 18 99 20 23 35 70 27 10 48 91 22 43 30 0 60 53 16 87 36 88 64 75 72 38 42 55 58 51 80 46 97 66 
TEST 25 ARG:10 96 75 29 3 50 2 84 52 89 4 65 44 87 90 33 41 7 73 8 74 63 67 0 21 68 79 30 25 69 40 9 27 86 17 98 54 5 13 45 94 53 20 43 11 55 85 38 39 26 34 24 28 91 58 32 97 47 83 49 99 76 37 22 71 93 78 36 88 60 70 62 18 95 6 61 57 1 15 16 77 81 82 59 80 66 64 51 72 48 46 92 23 31 35 14 19 42 56 12 
TEST 26 ARG:85 31 1 21 94 11 63 74 64 39 12 35 88 65 22 38 76 7 67 90 57 50 28 10 15 97 66 18 75 8 68 9 0 14 13 30 44 45 6 62 52 69 93 42 24 25 26 89 53 91 46 96 73 78 23 4 92 54 32 33 48 61 34 55 99 59 84 19 3 41 2 72 77 80 40 47 70 82 43 36 87 16 98 79 58 5 37 95 83 49 56 17 86 71 60 29 20 51 81 27 
TEST 27 ARG:58 91 75 72 96 47 98 82 95 17 54 34 78 74 81 57 40 45 19 21 39 51 12 35 13 80 44 15 67 92 88 68 62 70 79 25 9 61 71 60 31 42 56 16 73 87 99 23 65 2 41 76 59 89 8 22 29 90 1 18 93 94 84 7 6 10 30 26 85 20 55 77 28 0 32 4 14 64 5 49 83 43 37 27 69 36 66 53 48 52 97 86 24 11 33 38 3 46 63 50 
TEST 28 ARG:91 66 61 8 88 11 55 73 17 95 96 68 84 42 93 87 16 78 58 20 56 70 35 89 59 44 49 27 99 29 34 31 41 12 82 77 81 5 72 39 45 52 75 28 13 97 80 3 53 26 74 4 50 22 60 15 64 25 46 30 9 90 24 76 10 33 79 38 98 21 86 62 71 83 6 57 85 1 47 2 94 63 18 48 43 51 92 14 65 23 32 36 7 37 69 54 0 67 19 40 
TEST 29 ARG:10 32 23 34 9 93 14 54 62 70 48 28 50 76 19 88 87 35 49 66 63 41 0 98 68 11 18 36 45 69 5 29 39 30 56 7 38 73 55 59 95 90 58 27 85 33 96 17 60 79 46 42 78 67 83 21 47 13 86 75 61 40 12 22 81 15 82 57 74 1 31 43 25 2 6 89 99 65 92 37 94 77 91 52 24 51 72 8 44 3 26 20 53 4 84 97 80 71 64 16 
TEST 30 ARG:98 52 49 57 64 46 36 14 55 9 28 24 16 15 32 3 91 25 95 30 68 42 22 35 92 79 18 61 34 38 31 73 87 11 67 43 27 81 63 76 8 74 45 88 5 85 83 19 80 86 94 59 1 66 71 89 44 13 29 84 37 90 69 2 60 82 33 10 54 39 97 96 78 75 50 48 6 70 0 62 56 23 51 47 21 41 4 65 7 93 77 12 17 40 99 72 20 26 58 53 
TEST 31 ARG:10 67 73 69 39 29 58 62 68 43 85 77 14 3 45 42 1 36 0 51 91 95 93 50 66 81 33 70 35 9 24 2 19 28 71 20 75 89 7 90 47 49 12 76 99 13 4 92 32 59 57 78 5 26 34 30 25 46 60 98 64 54 55 8 74 94 65 23 52 18 27 38 37 16 87 72 31 40 97 61 96 82 44 56 88 21 48 86 41 80 17 83 63 53 22 84 11 15 6 79 
TEST 32 ARG:13 53 82 9 74 49 18 16 38 52 69 83 4 20 23 73 25 64 79 41 44 91 22 59 40 80 57 36 28 30 70 84 8 26 89 97 66 7 21 61 98 67 43 35 27 19 17 10 39 29 88 48 5 99 46 76 94 68 0 45 6 3 85 87 15 47 34 81 72 65 75 37 33 60 1 32 78 55 93 92 50 71 95 96 58 42 24 11 77 86 62 14 56 54 90 31 12 2 51 63 
TEST 33 ARG:41 73 27 84 15 4 29 22 75 98 82 32 5 87 2 97 72 68 69 70 34 0 67 65 63 31 9 51 39 79 91 33 96 35 77 58 25 66 16 3 20 37 60 83 57 17 21 8 61 11 40 50 13 78 44 10 88 23 6 81 48 62 7 86 64 95 53 99 89 92 26 1 74 90 85 54 30 45 80 24 56 76 52 19 43 12 49 38 47 46 59 42 28 94 93 14 71 18 55 36 
TEST 34 ARG:77 54 42 40 95 27 69 97 78 52 1 76 82 2 37 64 43 25 89 99 67 23 84 35 85 75 65 34 36 9 81 60 15 49 0 28 63 46 94 16 62 17 70 3 51 68 4 12 79 53 38 71 83 29 10 93 57 56 86 72 11 96 98 7 30 92 33 8 87 45 58 55 41 74 88 22 44 13 31 5 61 14 24 6 66 20 19 26 32 47 21 80 91 48 50 18 39 73 90 59 
TEST 35 ARG:49 26 57 48 80 42 17 56 94 89 43 92 6 18 36 12 44 8 66 46 99 90 13 27 97 2 30 73 53 93 33 41 20 77 70 67 9 11 55 16 37 21 76 63 98 69 5 64 62 95 84 34 54 91 23 72 29 24 14 82 78 86 96 50 61 59 1 31 58 40 0 68 10 83 51 28 32 7 45 35 47 87 25 4 38 3 85 75 52 19 39 71 65 22 81 74 15 88 79 60 
TEST 36 ARG:18 55 73 96 0 15 84 88 70 52 53 90 91 81 63 19 65 67 95 2 35 59 44 45 22 23 7 77 56 66 40 50 17 74 29 82 76 43 25 71 4 21 78 61 51 80 39 27 46 5 48 72 36 11 12 32 64 62 1 34 8 24 31 79 16 60 68 49 47 28 37 89 41 93 92 99 97 54 57 87 30 9 26 33 94 14 10 38 42 69 6 75 86 98 85 83 13 3 20 58 
TEST 37 ARG:24 4 89 28 87 43 69 91 94 16 58 49 99 40 38 88 31 3 14 85 42 47 26 86 54 8 17 53 52 9 75 36 18 44 96 7 32 6 65 46 55 93 79 0 66 76 57 29 80 22 41 25 98 50 35 95 68 78 33 27 45 63 61 84 82 11 97 5 71 21 67 39 1 30 56 23 73 70 51 62 74 37 10 83 59 13 12 20 2 48 64 19 81 15 34 72 60 92 90 77 
TEST 38 ARG:12 76 39 48 30 53 45 7 28 47 24 37 55 23 32 92 67 87 46 31 98 44 99 17 91 86 18 1 78 4 80 96 6 21 68 85 2 97 65 10 11 35 89 14 63 15 52 9 75 0 71 72 66 33 19 56 49 95 51 26 41 8 42 61 77 60 69 58 82 20 94 59 88 3 16 25 81 79 34 50 84 22 62 93 40 5 70 54 38 29 57 64 73 90 74 27 43 36 13 83 
TEST 39 ARG:67 76 43 1 53 47 72 39 54 24 86 6 41 18 7 10 3 83 79 71 2 36 56 75 48 81 35 58 93 60 37 91 99 96 64 85 19 98 51 57 78 4 97 45 66 59 65 49 50 29 25 74 92 89 14 11 5 62 70 20 32 68 69 73 28 33 46 27 87 0 84 30 22 80 40 88 52 38 44 95 94 23 13 9 61 12 17 8 16 63 42 21 90 15 26 31 55 77 82 34 
TEST 40 ARG:20 65 80 75 40 1 26 78 68 52 84 45 93 55 13 58 28 27 8 23 98 7 16 25 47 82 21 44 32 86 30 83 38 77 42 99 36 2 43 87 94 29 31 60 79 76 11 53 81 12 73 15 64 88 95 10 33 89 74 37 69 90 3 71 67 97 62 4 18 34 41 56 63 39 66 35 96 49 57 85 17 92 61 59 70 46 0 48 5 54 50 22 72 91 51 14 9 19 24 6 
TEST 41 ARG:36 63 10 12 5 43 33 48 2 64 89 74 21 32 17 9 25 44 46 58 82 16 77 28 1 59 13 91 22 14 30 65 70 60 49 75 24 87 83 79 55 66 69 62 31 57 45 78 61 0 15 4 51 92 47 52 94 38 7 41 95 39 53 27 67 85 80 37 40 6 19 42 23 90 18 54 71 68 99 88 8 72 93 76 86 3 56 73 98 35 84 11 81 34 96 50 97 20 29 26 
TEST 42 ARG:77 43 24 72 8 16 68 69 89 50 81 87 94 95 28 58 96 56 0 11 22 59 33 83 75 14 92 54 38 60 88 13 70 57 49 78 3 84 1 36 31 39 10 91 21 42 40 76 47 25 27 66 30 19 73 44 6 32 20 23 97 64 63 62 51 26 61 17 85 53 65 9 45 15 35 2 90 4 52 5 98 82 67 80 99 71 48 18 86 34 79 74 55 29 93 37 46 12 41 7 
TEST 43 ARG:95 34 82 79 27 55 39 86 60 14 36 16 87 10 25 33 99 32 38 37 65 24 64 26 45 35 3 43 78 50 48 28 61 76 63 23 47 81 1 30 93 74 51 57 75 89 18 42 91 77 97 66 17 62 6 73 96 85 54 12 69 52 90 92 94 40 31 19 7 72 59 98 41 20 68 49 71 22 58 56 83 13 53 46 8 70 11 5 0 67 4 29 9 21 44 88 80 84 15 2 
TEST 44 ARG:9 63 49 45 67 15 56 75 20 57 95 44 31 8 46 40 73 99 82 5 2 30 39 43 47 21 81 91 51 24 90 65 89 88 68 23 80 71 78 11 7 85 53 3 35 50 69 61 6 16 59 17 70 92 42 64 48 62 13 18 98 66 77 19 25 58 37 29 79 36 54 60 83 28 72 52 94 26 27 34 76 84 74 1 86 4 97 22 41 33 32 10 0 93 12 14 55 87 38 96 
TEST 45 ARG:68 29 15 71 25 26 78 94 91 8 87 33 80 53 93 67 48 3 0 10 61 1 63 36 5 32 66 28 83 95 7 89 51 69 30 55 31 22 23 81 18 11 39 58 79 56 34 16 49 99 41 43 65 42 52 88 76 44 59 85 38 13 47 50 64 17 90 45 27 35 9 84 86 12 21 6 4 74 14 98 19 73 92 37 54 96 72 77 24 57 62 75 70 82 46 2 20 60 97 40 
TEST 46 ARG:51 79 81 22 64 17 62 49 24 78 72 88 47 41 36 83 67 26 86 27 0 99 29 7 2 66 91 46 61 68 3 97 25 57 19 73 5 58 70 13 59 43 98 1 53 85 9 63 69 35 42 80 75 18 77 6 56 23 65 90 48 16 84 37 10 71 31 39 93 96 95 45 33 76 14 12 4 44 30 34 28 92 40 38 74 20 87 94 52 32 21 89 54 8 60 55 11 15 50 82 
TEST 47 ARG:0 67 86 25 41 78 98 52 54 47 82 80 26 57 62 44 48 15 77 30 68 49 46 92 94 79 42 71 72 58 55 35 91 65 29 88 23 73 87 14 2 33 45 11 96 19 70 97 12 83 21 66 81 32 59 85 60 50 28 56 9 1 17 36 18 20 16 7 53 5 51 64 6 31 75 61 8 39 10 74 40 34 3 37 22 90 4 99 27 43 13 38 93 89 69 76 63 24 84 95 
TEST 48 ARG:50 32 27 62 41 16 80 10 74 60 46 78 79 36 23 31 63 72 1 0 25 14 42 48 15 29 8 65 9 30 51 3 18 2 11 20 38 99 71 4 39 22 92 96 91 73 90 59 57 40 17 67 98 97 54 13 12 82 87 56 93 89 24 35 94 81 85 26 7 70 61 76 58 6 5 37 69 55 34 19 88 68 86 45 43 52 49 75 44 47 77 84 66 64 83 53 95 33 28 21 
TEST 49 ARG:42 66 95 59 7 38 61 8 56 43 68 21 98 16 63 97 28 9 49 41 26 94 69 73 91 77 6 58 99 2 86 44 23 27 76 12 70 82 20 93 18 0 87 89 31 60 40 33 52 72 65 34 84 10 14 64 88 29 53 81 96 71 67 78 15 50 1 22 80 37 17 83 11 30 25 79 57 36 19 48 5 62 39 51 45 54 47 90 3 74 4 24 46 85 92 35 32 55 75 13 
TEST 50 ARG:49 24 45 34 65 10 92 67 46 43 94 35 64 68 91 84 66 74 90 73 13 12 30 89 61 75 27 93 25 48 14 23 71 39 38 28 78 80 42 72 2 62 83 17 95 19 54 51 56 21 22 57 29 70 77 98 81 41 82 88 6 63 5 32 8 18 47 50 31 33 59 53 11 9 52 87 1 69 44 15 55 3 96 20 0 99 16 37 85 58 4 60 79 86 76 26 40 7 36 97 
TEST 51 ARG:77 25 38 61 81 60 58 6 12 15 2 62 46 9 79 43 98 72 80 1 65 26 35 31 68 32 24 17 34 21 0 44 94 75 53 52 85 8 50 23 66 28 69 20 59 41 5 93 27 89 63 86 87 36 83 88 96 30 51 56 84 54 42 95 97 74 7 49 13 76 92 16 55 4 57 37 48 18 67 10 73 90 78 19 14 11 3 71 45 64 33 99 82 91 47 40 29 22 70 39 
TEST 52 ARG:29 91 90 38 19 70 78 32 16 72 82 42 8 85 92 62 80 54 4 34 94 53 37 2 96 31 43 74 81 3 28 35 12 65 66 9 73 22 27 14 59 50 47 69 97 20 36 7 10 5 48 84 75 40 88 52 71 87 89 46 63 23 39 21 24 1 33 49 13 25 11 93 61 64 83 60 77 99 79 18 55 95 57 68 30 0 51 26 58 56 45 44 6 98 17 86 67 15 41 76 
TEST 53 ARG:32 78 33 55 34 36 7 98 12 35 82 49 31 40 52 45 1 44 10 8 5 92 81 62 75 79 27 59 95 93 11 41 50 43 38 71 47 39 61 21 74 0 48 54 2 91 60 66 90 69 4 14 67 88 30 70 57 16 53 68 77 80 29 85 76 24 51 86 19 17 3 73 15 13 63 94 22 18 87 26 58 99 72 23 25 6 65 84 37 89 64 56 20 96 83 46 28 97 42 9 
TEST 54 ARG:39 29 68 63 24 30 18 91 67 34 74 37 28 6 81 77 58 8 53 51 49 4 69 94 36 88 42 33 75 2 44 50 3 66 5 10 46 1 9 80 71 98 90 35 56 57 19 0 15 97 16 54 61 86 7 27 11 22 95 14 41 73 85 23 89 60 82 31 70 59 65 26 64 20 99 87 40 45 96 43 32 62 21 55 38 52 13 92 79 72 12 84 47 93 17 25 48 78 83 76 
TEST 55 ARG:71 30 34 70 16 77 47 6 63 19 56 13 67 31 61 59 2 41 46 10 81 95 15 8 28 85 5 40 80 49 87 92 22 35 27 93 26 72 68 83 38 39 60 97 11 44 53 24 98 45 4 50 82 75 3 62 20 54 51 73 14 91 78 33 29 55 90 69 64 32 42 94 23 21 12 89 57 48 96 18 0 17 66 58 52 65 36 37 88 84 9 74 43 1 86 76 79 99 25 7 
TEST 56 ARG:39 81 97 28 89 14 47 8 75 63 46 70 48 34 41 20 56 93 29 44 26 64 54 16 21 2 92 80 76 95 77 59 25 13 84 22 23 88 10 61 79 69 94 73 38 15 18 19 78 24 51 42 5 50 45 90 6 31 0 36 52 37 99 55 11 96 30 49 3 85 27 82 57 65 12 71 33 9 7 98 1 83 43 35 62 86 67 4 58 40 74 17 87 60 53 72 66 68 91 32 
TEST 57 ARG:65 38 54 60 50 24 61 7 22 36 9 67 70 46 63 83 5 48 69 49 81 99 86 3 78 73 90 8 57 96 1 4 82 92 42 32 93 6 18 97 21 14 40 2 64 17 80 30 87 43 55 94 26 10 98 95 77 13 88 62 66 16 37 33 71 45 0 12 53 56 74 91 47 31 89 28 20 23 52 75 85 25 15 59 68 58 34 39 51 79 84 35 41 44 29 72 27 76 11 19 
TEST 58 ARG:18 11 45 47 35 20 66 13 87 40 52 78 26 85 81 54 38 19 90 37 44 76 80 30 88 29 70 15 6 96 84 4 69 24 59 74 82 64 42 50 17 58 57 23 93 46 83 2 48 3 14 55 73 61 51 98 33 5 91 89 49 16 31 22 27 34 25 10 43 86 97 60 12 7 0 65 36 79 94 75 68 1 39 21 99 28 8 32 72 56 63 62 71 92 9 95 77 67 53 41 
TEST 59 ARG:63 51 23 38 91 89 31 29 77 70 85 21 72 96 83 9 84 74 60 27 24 61 75 55 34 41 28 0 73 56 46 18 44 43 47 87 98 8 68 76 33 50 79 80 20 99 58 12 30 26 66 93 67 62 92 25 95 36 64 15 40 6 5 22 14 86 78 7 32 69 11 90 71 48 82 17 13 37 81 59 39 42 35 49 53 54 52 3 94 10 1 19 2 4 16 45 97 88 65 57 
TEST 60 ARG:12 66 30 37 46 47 24 40 80 64 60 85 6 41 72 75 79 33 35 91 18 96 36 76 13 82 49 83 68 69 55 50 84 90 10 3 81 86 0 38 52 25 63 99 22 94 42 48 62 45 2 15 59 14 78 8 20 54 29 26 56 17 7 39 21 88 34 31 51 44 57 5 71 53 11 87 95 32 23 92 65 16 89 1 70 61 58 19 28 97 93 4 67 98 73 43 9 27 74 77 
TEST 61 ARG:49 65 64 43 67 14 77 23 74 20 61 3 40 54 46 7 86 80 5 84 1 68 42 94 26 15 21 47 30 33 16 12 4 10 99 9 71 13 19 82 85 93 36 29 53 63 51 92 57 56 17 78 28 48 96 45 90 97 24 59 18 60 89 44 2 8 87 31 50 0 55 58 69 41 66 6 95 62 76 27 37 11 91 70 73 88 98 22 83 39 75 81 32 35 34 52 72 38 25 79 
TEST 62 ARG:76 59 43 13 14 22 7 61 67 82 33 3 99 81 60 19 57 86 12 42 55 40 28 52 38 75 26 62 50 53 10 98 74 83 72 54 68 46 56 70 51 48 94 30 73 8 18 90 2 41 17 6 37 11 65 24 9 25 78 96 71 27 97 79 4 89 5 95 77 34 58 35 92 49 64 84 31 1 15 88 44 47 21 63 23 29 36 45 85 69 0 91 39 16 80 66 87 20 93 32 
TEST 63 ARG:16 57 4 13 46 12 67 73 60 3 40 72 37 93 98 62 99 31 17 89 44 78 56 97 59 70 64 0 35 76 61 15 39 68 1 90 5 82 18 36 8 52 51 94 75 85 48 25 84 47 86 91 23 95 65 24 6 92 22 7 26 42 2 32 20 43 28 69 33 45 74 79 81 29 58 41 63 66 34 80 88 54 14 10 96 30 21 49 19 55 83 77 87 50 38 53 71 27 11 9 
TEST 64 ARG:94 79 74 59 36 41 61 90 93 63 95 26 38 23 60 75 57 55 88 29 25 72 0 71 11 2 18 40 17 39 66 53 46 19 84 80 89 20 54 51 96 32 33 58 97 22 47 27 3 65 99 43 85 7 67 77 92 82 83 14 81 42 50 86 35 78 8 13 44 16 24 9 10 5 56 31 48 62 30 73 64 70 28 52 6 91 76 87 45 49 68 1 4 15 98 37 21 12 69 34 
TEST 65 ARG:89 68 49 67 30 96 17 94 88 66 62 93 39 87 33 92 55 12 38 54 75 58 11 79 71 74 99 97 46 63 5 90 23 95 2 36 53 19 65 78 91 52 13 98 47 41 28 15 57 25 50 20 81 43 72 1 84 35 24 85 61 31 26 73 42 16 69 21 14 27 86 3 80 83 77 59 18 37 9 32 44 70 6 7 34 60 48 0 82 64 45 8 56 4 40 10 29 51 22 76 
TEST 66 ARG:36 72 65 18 70 3 31 13 73 54 64 43 58 34 23 92 75 7 8 29 49 4 11 44 66 88 46 63 59 96 95 15 21 20 99 16 93 28 35 82 17 83 62 77 94 55 68 50 97 86 79 89 76 2 40 52 12 84 39 57 60 41 53 25 90 22 37 24 45 26 51 69 42 9 67 0 33 27 78 14 48 10 98 81 61 87 85 38 71 32 1 56 30 6 5 19 80 47 91 74 
TEST 67 ARG:57 97 42 53 96 78 27 77 44 45 16 83 1 6 65 14 80 32 54 43 8 22 31 18 2 67 74 94 90 17 61 33 87 23 95 38 81 92 85 46 50 55 82 69 12 20 59 25 35 0 91 63 60 24 11 76 37 52 84 10 58 66 34 13 93 79 56 64 98 99 19 39 4 72 48 49 15 89 5 88 36 9 21 71 30 26 29 41 47 73 51 28 3 75 70 68 40 86 62 7 
TEST 68 ARG:27 66 71 80 36 94 95 62 48 12 84 15 23 88 96 57 22 73 30 3 24 42 69 8 74 79 11 35 58 85 40 50 44 54 41 52 65 89 98 43 28 61 26 78 7 18 9 4 93 10 51 92 72 29 49 86 90 46 1 25 6 53 91 64 59 82 75 83 87 33 67 19 32 47 77 63 21 31 81 14 16 45 99 13 60 17 0 76 55 39 37 5 97 34 2 56 38 68 70 20 
TEST 69 ARG:71 67 59 21 63 87 73 22 96 13 28 16 56 49 86 57 15 25 43 52 78 1 69 60 0 9 3 89 81 30 90 50 48 95 29 35 54 40 39 26 97 37 53 64 6 62 80 7 14 76 94 20 19 61 77 88 70 10 27 68 36 51 31 33 2 75 45 83 12 65 82 38 99 93 66 42 55 18 79 8 4 11 91 17 44 46 74 24 58 92 98 85 32 23 34 47 41 84 5 72 
TEST 70 ARG:98 21 22 26 49 68 72 67 38 47 31 69 96 32 55 81 29 27 48 44 54 11 43 34 57 99 25 93 58 33 24 91 83 18 16 59 3 65 61 95 13 56 92 52 12 10 30 40 6 5 20 37 60 78 62 28 64 86 7 97 77 0 74 73 51 36 89 76 90 71 75 46 87 42 70 45 79 41 82 84 17 50 53 2 80 35 39 94 1 9 23 14 85 15 8 19 66 88 63 4 
TEST 71 ARG:4 46 22 27 94 1 72 10 40 66 56 65 7 82 98 19 74 97 2 77 91 87 26 90 62 25 47 67 85 38 69 20 76 28 30 71 63 58 45 42 49 51 78 12 89 6 16 83 15 13 14 61 93 24 88 41 68 53 5 96 36 18 73 0 99 79 44 48 35 8 3 59 86 17 43 75 29 31 39 92 33 52 80 9 81 57 70 64 60 32 54 55 50 84 95 21 11 23 37 34 
TEST 72 ARG:57 67 77 78 20 6 8 81 74 33 21 22 39 75 31 37 73 72 70 93 84 83 89 35 50 98 36 29 94 62 42 41 66 60 68 64 54 0 91 27 85 16 71 82 63 95 46 19 40 43 11 76 23 7 80 30 51 3 34 9 5 15 58 13 26 48 79 99 55 32 10 17 96 45 24 38 44 49 28 56 97 88 25 18 69 65 47 61 86 12 2 1 4 59 87 53 52 14 90 92 
TEST 73 ARG:71 66 34 22 50 10 84 51 65 83 68 72 11 37 98 58 82 63 9 74 13 2 47 87 1 14 3 53 97 48 61 19 33 89 88 23 85 36 80 90 17 30 28 69 42 70 91 25 57 93 41 73 59 6 40 96 20 52 81 29 15 7 79 62 94 16 27 44 8 75 4 39 43 5 46 45 18 92 31 38 64 0 78 24 55 35 77 67 99 12 32 60 76 56 26 86 95 49 21 54 
TEST 74 ARG:64 54 71 11 21 10 83 2 7 14 46 67 70 49 50 97 12 75 38 93 1 30 76 90 96 56 88 95 74 44 80 15 81 8 63 9 48 52 36 37 40 17 47 68 84 72 66 85 79 91 41 20 60 89 4 28 29 51 42 57 34 35 24 78 0 39 69 73 18 3 87 92 16 53 61 77 99 82 98 94 6 58 45 27 32 31 43 33 23 13 26 5 25 22 65 59 62 86 19 55 
TEST 75 ARG:18 95 27 23 98 50 11 10 8 47 14 51 49 84 92 65 28 12 76 79 2 68 82 83 45 48 31 71 30 87 52 19 77 1 57 26 29 6 15 20 34 41 75 67 62 70 63 25 43 0 17 5 53 91 90 33 73 85 54 3 81 37 21 88 72 78 66 7 60 58 39 16 56 89 38 32 93 4 24 22 69 40 96 46 59 44 42 35 64 13 97 80 36 74 55 94 9 99 86 61 
TEST 76 ARG:83 96 13 7 21 28 43 80 54 53 31 17 22 40 15 47 25 0 18 56 65 32 88 84 36 1 74 37 98 78 55 97 26 69 4 85 6 24 72 16 10 76 62 9 59 44 23 91 49 92 52 94 2 67 38 11 79 99 41 39 68 73 61 29 34 86 58 20 77 48 19 63 30 90 51 81 82 60 42 46 87 66 35 93 12 27 70 89 71 8 57 75 45 95 3 5 14 33 50 64 
TEST 77 ARG:8 85 82 83 53 67 25 99 1 38 77 3 41 13 32 69 39 61 15 96 7 93 76 40 27 50 47 43 20 24 78 94 88 91 98 34 14 45 74 57 35 11 22 73 19 86 56 92 80 31 48 4 72 10 71 2 55 46 23 16 49 44 42 9 33 58 66 12 95 60 17 52 64 89 37 90 79 87 5 70 97 29 18 68 75 62 26 65 0 21 36 28 51 84 30 6 54 81 59 63 
TEST 78 ARG:79 26 30 32 88 76 89 49 73 74 70 8 98 71 29 45 20 94 86 10 35 65 48 47 4 15 51 37 24 42 46 23 3 78 57 28 75 60 66 96 81 17 5 67 61 54 63 82 25 31 85 44 39 59 16 9 18 12 92 68 93 99 52 1 53 2 77 19 91 38 64 13 95 72 84 50 40 14 55 56 62 80 11 90 41 33 97 83 7 21 43 0 34 27 6 36 87 69 22 58 
TEST 79 ARG:21 89 16 22 36 82 12 50 88 93 58 33 40 23 10 87 95 81 73 65 46 77 37 47 6 67 56 80 76 86 99 92 97 48 41 1 17 28 24 79 53 55 4 61 27 45 59 39 2 7 63 3 51 9 31 74 70 25 62 34 5 75 94 66 85 78 0 14 30 11 52 60 71 20 44 29 83 98 42 8 26 72 54 64 91 13 32 84 15 19 96 69 68 18 35 43 38 49 90 57 
TEST 80 ARG:18 88 50 9 59 82 77 51 91 38 56 47 10 85 36 35 55 71 40 21 1 60 12 52 84 79 31 93 27 20 68 97 70 80 33 14 74 24 30 42 54 16 22 86 63 98 65 57 2 92 4 11 62 61 66 13 83 76 49 53 64 75 8 78 46 28 72 94 44 89 67 34 41 69 39 17 96 87 5 43 32 0 90 3 37 95 25 7 99 48 19 81 45 73 23 58 29 26 6 15 
TEST 81 ARG:68 30 59 71 93 74 75 43 54 36 31 24 77 21 56 57 11 25 39 15 98 6 45 20 65 22 28 9 60 37 44 0 90 61 85 92 76 16 86 38 80 99 64 84 34 26 48 19 55 97 79 12 4 13 91 46 3 2 69 41 32 5 1 62 78 10 72 66 52 53 40 89 51 49 50 96 42 23 88 33 83 47 7 73 70 18 8 27 58 95 82 63 94 67 81 14 29 87 35 17 
TEST 82 ARG:94 64 9 55 56 51 26 81 68 33 13 67 58 45 21 62 1 23 63 49 97 28 42 50 17 88 77 60 99 90 48 36 53 80 96 18 24 71 19 8 93 4 7 87 72 86 84 69 20 46 3 2 11 41 74 98 27 75 82 37 38 32 5 10 29 61 66 59 89 76 40 34 70 52 92 91 22 54 16 6 31 14 85 30 79 95 12 0 25 57 15 43 78 44 39 47 73 83 35 65 
TEST 83 ARG:96 66 84 37 20 6 14 39 9 60 4 91 76 2 97 88 42 30 18 92 72 53 55 74 44 1 90 34 83 85 70 71 22 73 12 11 69 36 23 41 86 26 27 64 45 7 28 47 48 38 31 78 21 61 67 58 51 49 62 15 0 68 16 99 59 75 50 35 25 40 32 93 10 79 33 56 89 19 5 54 77 29 52 8 13 98 65 94 46 82 24 95 81 87 43 17 63 3 80 57 
TEST 84 ARG:97 58 45 8 68 63 42 75 72 25 59 76 78 56 52 3 37 46 69 94 1 91 7 6 11 55 99 26 70 53 98 85 5 9 40 14 4 95 35 92 36 27 47 32 17 29 54 12 83 65 39 73 64 20 66 34 43 89 15 13 22 88 16 18 82 2 24 80 87 33 10 61 67 77 84 48 38 41 79 86 93 71 62 60 74 90 31 19 23 57 44 30 21 81 96 50 28 0 51 49 
TEST 85 ARG:56 89 45 25 30 68 92 32 86 34 10 6 23 88 29 37 64 82 41 13 46 47 70 22 48 87 38 99 77 59 63 42 52 62 91 74 69 33 61 44 72 28 93 79 58 14 65 75 54 53 12 66 73 78 90 49 35 76 9 5 27 20 19 11 67 0 84 4 15 36 96 18 81 2 50 55 80 17 1 31 51 97 98 39 7 16 43 83 95 57 8 60 24 21 85 3 71 40 94 26 
TEST 86 ARG:25 19 21 72 50 11 96 73 31 82 45 38 81 12 89 84 24 53 23 33 41 27 58 34 57 68 42 60 98 75 49 48 3 35 9 52 20 40 26 15 63 10 17 16 39 64 93 65 47 13 18 70 37 55 69 46 36 14 88 51 83 79 56 71 97 61 0 30 8 76 43 29 95 44 87 59 77 5 74 62 94 32 7 54 4 67 90 92 2 22 99 66 78 85 1 80 28 86 91 6 
TEST 87 ARG:96 34 1 43 52 11 7 78 76 29 90 79 13 35 47 56 99 61 16 77 49 69 10 12 80 64 87 41 24 55 85 19 53 18 17 5 40 14 37 97 0 59 20 36 81 83 67 21 44 30 4 38 22 31 88 60 89 75 58 92 54 95 82 84 3 25 72 57 45 6 94 86 91 70 32 33 15 62 2 26 9 50 27 63 68 8 73 46 93 23 74 98 39 71 51 42 48 28 66 65 
TEST 88 ARG:18 60 68 52 3 62 37 57 82 95 83 77 69 13 99 93 4 58 12 9 91 73 88 47 85 48 42 31 43 49 10 63 30 86 79 39 41 92 46 15 44 26 28 66 87 97 74 61 35 11 17 38 56 90 29 21 94 96 64 76 6 72 20 53 67 32 40 81 22 19 51 27 65 14 8 45 0 84 89 7 23 2 54 25 1 55 5 36 71 75 78 80 24 59 70 98 50 33 16 34 
TEST 89 ARG:60 45 40 18 5 97 85 84 35 55 31 93 71 16 12 68 59 41 32 28 82 51 80 95 86 34 83 96 7 61 72 53 4 65 88 94 81 1 58 63 57 98 27 38 78 48 9 29 26 0 14 46 10 23 19 70 15 56 44 50 2 43 76 21 33 99 66 89 90 3 36 62 92 73 8 69 30 11 25 67 24 37 64 47 77 6 75 42 49 79 74 17 87 39 13 22 52 91 54 20 
TEST 90 ARG:61 95 34 88 46 53 13 62 6 73 94 70 82 11 83 75 50 47 21 1 14 80 37 24 20 2 93 78 10 25 86 66 51 9 17 60 3 71 69 97 7 96 41 67 15 35 77 38 5 58 40 74 22 68 26 18 81 44 42 59 36 31 76 27 43 90 8 33 99 84 32 52 72 23 65 89 92 87 79 98 39 29 49 91 85 30 54 56 55 19 4 12 16 28 0 64 63 45 48 57 
TEST 91 ARG:27 73 67 9 95 91 22 26 70 25 16 71 35 42 87 54 34 45 57 31 20 60 68 69 43 78 55 86 49 29 21 18 5 80 96 84 32 82 36 23 1 2 63 46 58 89 12 62 74 30 83 81 85 40 50 19 13 88 47 4 92 98 93 94 7 24 79 15 10 61 38 59 66 64 53 99 51 72 75 39 11 6 0 28 44 3 17 90 76 97 65 56 48 37 77 33 8 14 41 52 
TEST 92 ARG:71 50 73 54 84 42 11 46 90 77 83 74 72 96 26 29 81 30 67 1 49 56 57 3 13 78 32 8 52 53 63 92 70 28 40 14 38 85 82 10 33 64 80 0 60 69 61 25 79 43 4 89 99 51 24 94 36 15 55 7 59 88 47 34 39 20 87 76 68 19 35 17 31 66 22 41 27 16 75 44 9 45 18 2 23 58 62 5 95 21 91 93 48 97 65 12 86 37 98 6 
TEST 93 ARG:98 93 61 33 72 53 19 84 27 13 90 71 48 38 28 85 29 91 44 45 17 26 60 10 7 23 59 89 42 1 12 96 24 75 16 31 2 0 39 64 51 78 70 14 47 11 82 3 88 66 68 46 81 20 32 40 43 65 94 41 4 55 86 37 67 57 99 5 80 56 21 25 52 8 15 73 22 9 54 62 35 58 30 63 34 97 76 69 6 92 95 50 77 83 87 74 49 79 36 18 
TEST 94 ARG:10 85 2 26 6 92 58 14 11 20 97 69 74 60 29 7 35 86 53 44 52 15 55 56 78 8 96 22 23 93 99 45 88 77 1 91 94 17 16 27 37 70 32 33 98 57 31 62 65 67 30 39 68 66 47 87 83 42 71 5 61 75 46 72 59 63 34 3 82 40 24 28 89 13 80 81 0 18 48 36 41 4 9 25 49 76 90 19 54 73 43 38 84 95 50 79 64 21 12 51 
TEST 95 ARG:34 7 80 62 61 86 83 96 59 18 87 38 45 50 4 27 8 66 0 28 88 36 10 94 90 63 14 13 20 26 51 64 35 97 95 23 39 52 19 56 70 72 16 44 84 41 22 2 55 9 29 82 79 99 6 53 49 15 75 48 67 58 30 24 43 3 91 77 71 54 25 73 76 74 85 37 92 42 60 1 17 47 33 89 40 32 12 81 46 31 98 69 21 11 68 93 78 57 5 65 
TEST 96 ARG:45 69 40 48 37 73 6 97 16 86 59 10 12 36 41 26 78 68 43 17 25 72 81 55 56 51 9 90 23 99 8 65 84 11 71 74 89 47 30 1 96 19 64 98 82 50 54 91 87 53 22 15 61 7 13 95 24 58 75 92 3 83 42 0 33 63 2 88 39 60 79 21 38 93 18 67 4 31 49 57 94 14 70 66 62 80 28 44 20 85 46 76 34 29 35 32 52 77 27 5 
TEST 97 ARG:94 56 30 72 57 66 21 20 40 70 36 95 35 44 73 97 88 2 15 65 96 8 33 42 32 61 85 31 17 18 19 29 62 24 34 81 28 16 9 98 5 71 87 76 23 58 50 3 78 22 53 48 83 84 6 4 82 93 45 39 68 80 37 46 51 60 12 38 74 75 25 7 77 79 90 69 26 63 54 67 49 13 43 89 14 59 0 55 86 11 99 92 41 10 91 52 64 47 1 27 
